425348 425348
354028 354028
365208 365208
365206 365206
365207 365207
365210 365210
312637 312635
312634 312634
312639 312639
312638 312638
187625 187625
187626 187626
301229 301229
196253 196253
354057 354057
364323 364323
364685 364685
364686 364686
364689 364689
364688 364688
364470 364470
354100 354100
351714 351714
200748 200748
200747 200747
352684 352685
359282 359282
359283 359283
359281 359281
359285 359285
354309 354306
354309 354309
354307 354307
354308 354307
12345678 12345678
351916 351916
301131 301131
324445 324445
354686 354686
350702 350702
305785 305785
355496 355496
320932 320932
361369 361369
351747 351747
306735 306735
347849 347849
364966 364966
298436 298436
364856 364856
263307 263307
354963 354963
359648 342348
2259 2259
337740 337740
187750 187750
361754 361544
358383 358383
358384 358384
358385 358385
293755 334057
293753 334058
293756 186549
293754 186548
334053 334053
334054 334054
334050 334050
334055 334055
334051 334051
334052 334052
334056 334052
334057 186551
2366 2364
2363 2363
2365 2365
